año	Total	Viviendas principales	Viviendas no principales	urte	Guztira	Etxebizitza nagusia	Nagusia ez denetxebizitza
2011	0.1643101430685629	0.1757264310812518	0.12701136586658562	2011	0.1643101430685629	0.1757264310812518	0.12701136586658562
2012	0.9315856674155132	0.5715699512718775	2.1424843791872927	2012	0.9315856674155132	0.5715699512718775	2.1424843791872927
2013	0.7484459418345191	0.6600536215386699	1.0411776077770662	2013	0.7484459418345191	0.6600536215386699	1.0411776077770662
2014	0.5607405335299909	0.49541862044968354	0.7762532116109888	2014	0.5607405335299909	0.49541862044968354	0.7762532116109888
2015	0.31104985648715555	0.45134538020181747	-0.1505288852725828	2015	0.31104985648715555	0.45134538020181747	-0.1505288852725828
2016	0.2814087454148906	0.6319167183005625	-0.8787298482934691	2016	0.2814087454148906	0.6319167183005625	-0.8787298482934691
2017	0.3924895906983972	0.7062383024184271	-0.6618070209092664	2017	0.3924895906983972	0.7062383024184271	-0.6618070209092664
2018	0.45825325378590076	0.9434153254378019	-1.1944992344722016	2018	0.45825325378590076	0.9434153254378019	-1.1944992344722016
2019	0.5670877241087169	1.0144200878442033	-0.9897672860273876	2019	0.5670877241087169	1.0144200878442033	-0.9897672860273876
2020	0.6339114754707831	0.7481118514577112	0.22841351305622482	2020	0.6339114754707831	0.7481118514577112	0.22841351305622482
2021	0.7823179517493672	1.1059522777256747	-0.3727878907239135	2021	0.7823179517493672	1.1059522777256747	-0.3727878907239135
2022	0.6314438894744034	1.1620745037501434	-1.2905776535208524	2022	0.6314438894744034	1.1620745037501434	-1.2905776535208524
