1999	1	Enero	26500	\N	\N	26500	\N
1999	2	Febrero	28914	9.109433962264157	\N	55414	\N
1999	3	Marzo	31180	7.8370339627861885	\N	86594	\N
1999	4	Abril	24961	-19.945477870429762	\N	111555	\N
1999	5	Mayo	30356	21.61371739914266	\N	141911	\N
1999	6	Junio	28477	-6.189880089603372	\N	170388	\N
1999	7	Julio	16466	-42.17789795273379	\N	186854	\N
1999	8	Agosto	24671	49.82995262966112	\N	211525	\N
1999	9	Septiembre	25511	3.404807263588827	\N	237036	\N
1999	10	Octubre	16430	-35.59640939202697	\N	253466	\N
1999	11	Noviembre	22607	37.59586122945831	\N	276073	\N
1999	12	Diciembre	15775	-30.220728093068516	\N	291848	\N
2000	1	Enero	18210	15.435816164817751	-31.28301886792453	18210	-31.28301886792453
2000	2	Febrero	24998	37.276221856123	-13.543612091028567	43208	-22.02692460389072
2000	3	Marzo	26141	4.572365789263144	-16.161000641436818	69349	-19.914774695706406
2000	4	Abril	22217	-15.010902413832671	-10.993149312928164	91566	-17.918515530455824
2000	5	Mayo	28141	26.664266102534096	-7.296745289234419	119707	-15.646426281260794
2000	6	Junio	27250	-3.1661987846913764	-4.308740386978971	146957	-13.751555273845572
2000	7	Julio	16976	-37.70275229357798	3.0972913883153153	163933	-12.26679653633318
2000	8	Agosto	28595	68.44368520263902	15.905313931336384	192528	-8.980971516369218
2000	9	Septiembre	28972	1.3184123098443745	13.566696719062366	221500	-6.554278674969205
2000	10	Octubre	28070	-3.1133508214828076	70.84601339013999	249570	-1.5370897871903932
2000	11	Noviembre	29779	6.0883505521909465	31.724687043835974	279349	1.186642663353532
2000	12	Diciembre	18484	-37.92941334497465	17.172741679873216	297833	2.0507250349496964
2001	1	Enero	27151	46.88920147154296	49.09939593629873	27151	49.09939593629873
2001	2	Febrero	26051	-4.0514161541011395	4.212336986958953	53202	23.12997593038326
2001	3	Marzo	28783	10.48712141568462	10.10672889330937	81985	18.220882781294613
2001	4	Abril	21867	-24.028072125907652	-1.5753702119998159	103852	13.417644103706605
2001	5	Mayo	27973	27.92335482690813	-0.5969937102448419	131825	10.12305044817763
2001	6	Junio	25571	-8.586851606906665	-6.1614678899082564	157396	7.103438420762531
2001	7	Julio	18149	-29.025067459231156	6.909754948162106	175545	7.083381625420149
2001	8	Agosto	28804	58.70846878615901	0.73089700996678	204349	6.13988614643064
2001	9	Septiembre	6380	-77.8502985696431	-77.97873809195085	210729	-4.862753950338606
2001	10	Octubre	5056	-20.75235109717868	-81.9878874242964	215785	-13.537284128701366
2001	11	Noviembre	13408	165.18987341772151	-54.974982370126604	229193	-17.954601591557516
2001	12	Diciembre	10645	-20.607100238663488	-42.40965159056481	239838	-19.472321737349453
2002	1	Enero	18522	73.99718177548145	-31.781518176126113	18522	-31.781518176126113
2002	2	Febrero	19500	5.2802073210236555	-25.14682737706806	38022	-28.532761926243378
2002	3	Marzo	19067	-2.220512820512821	-33.756036549352054	57089	-30.36653046288955
2002	4	Abril	24178	26.805475428751247	10.568436456761333	81267	-21.747294226399106
2002	5	Mayo	28658	18.529241459177758	2.448789904550819	109925	-16.61293381376825
2002	6	Junio	21509	-24.94591388094075	-15.885182433225143	131434	-16.494701263056243
2002	7	Julio	19285	-10.339857733971824	6.259298032949467	150719	-14.142242729784382
2002	8	Agosto	25431	31.86932849364792	-11.71017914178586	176150	-13.79943136496875
2002	9	Septiembre	24088	-5.2809563131611	277.5548589341693	200238	-4.97843201457796
2002	10	Octubre	24853	3.175855197608768	391.55458860759495	225091	4.312625993465713
2002	11	Noviembre	22243	-10.501750291715284	65.89349642004774	247334	7.915163203064668
2002	12	Diciembre	11729	-47.268803668569895	10.183184593705974	259063	8.015827350128003
2003	1	Enero	22893	95.18288004092422	23.598963394881768	22893	23.598963394881768
2003	2	Febrero	20844	-8.950334163281347	6.8923076923076865	43737	15.030771658513498
2003	3	Marzo	22169	6.356745346382642	16.26894634709184	65906	15.444306258648766
2003	4	Abril	18437	-16.834318192070008	-23.744726610968648	84343	3.78505420404347
2003	5	Mayo	24497	32.86868796441937	-14.51950589713169	108840	-0.9870366158744592
2003	6	Junio	22568	-7.874433604114794	4.923520386814828	131408	-0.01978179162165361
2003	7	Julio	13235	-41.35501595179014	-31.37153227897329	144643	-4.031343095429241
2003	8	Agosto	12049	-8.96108802417831	-52.620817112972354	156692	-11.046267385750784
2003	9	Septiembre	24734	105.27844634409496	2.6818332779807275	181426	-9.394820164004836
2003	10	Octubre	28340	14.579121856553723	14.030499336096236	209766	-6.808357508740914
2003	11	Noviembre	24352	-14.071983062808746	9.481634671582073	234118	-5.3433818237686665
2003	12	Diciembre	9819	-59.678876478318	-16.28442322448631	243937	-5.838734207509367
2004	1	Enero	21715	121.15286689072207	-5.145677718079766	21715	-5.145677718079766
2004	2	Febrero	20512	-5.539949343771589	-1.5927844943388947	42227	-3.452454443606101
2004	3	Marzo	21560	5.109204368174725	-2.747079254815288	63787	-3.2151852638606537
2004	4	Abril	14671	-31.952690166975884	-20.426316645875144	78458	-6.977461081536108
2004	5	Mayo	23224	58.298684479585575	-5.1965546801649225	101682	-6.576626240352812
2004	6	Junio	26712	15.018945918015847	18.362282878411907	128394	-2.2936198709363254
2004	7	Julio	13899	-47.967205750224615	5.017000377786163	142293	-1.6246897533928384
2004	8	Agosto	8582	-38.25455068709979	-28.774172130467257	150875	-3.712378423914431
2004	9	Septiembre	26720	211.34933581915635	8.029433168917288	177595	-2.1116047314056474
2004	10	Octubre	23428	-12.32035928143712	-17.33239237826394	201023	-4.167977651287624
2004	11	Noviembre	20825	-11.110636844801093	-14.483409986859396	221848	-5.2409468729444075
2004	12	Diciembre	10858	-47.86074429771908	10.58152561360628	232706	-4.6040576050373705
2005	1	Enero	15608	43.74654632529011	-28.123416992862072	15608	-28.123416992862072
2005	2	Febrero	17777	13.896719630958486	-13.333658346333854	33385	-20.939209510502753
2005	3	Marzo	17273	-2.835124036676606	-19.88404452690167	50658	-20.58256384529763
2005	4	Abril	23826	37.93782203438894	62.40201758571331	74484	-5.065130388233197
2005	5	Mayo	22175	-6.929404851842524	-4.516879090595937	96659	-4.939910701992489
2005	6	Junio	22119	-0.2525366403607676	-17.19451931716083	118778	-7.4894465473464455
2005	7	Julio	13841	-37.42483837424838	-0.4172962083603182	132619	-6.7986478604007194
2005	8	Agosto	9475	-31.54396358644607	10.405499883477054	142094	-5.820049710024855
2005	9	Septiembre	21179	123.52506596306068	-20.7372754491018	163273	-8.064416227934345
2005	10	Octubre	17282	-18.40030218612777	-26.233566672357867	180555	-10.181919481850333
2005	11	Noviembre	17025	-1.4870964008795284	-18.24729891956782	197580	-10.939021311889219
2005	12	Diciembre	13708	-19.483113069016156	26.247927795174064	211288	-9.203888167902852
2006	1	Enero	19311	40.87394222351912	23.72501281394157	19311	23.72501281394157
2006	2	Febrero	23125	19.750401325669298	30.0838161669573	42436	27.110977984124606
2006	3	Marzo	18997	-17.850810810810813	9.980895038499394	61433	21.270085672549243
2006	4	Abril	15937	-16.10780649576249	-33.11088726601192	77370	3.8746576445948033
2006	5	Mayo	23960	50.341971512831776	8.049605411499439	101330	4.832452228969886
2006	6	Junio	24643	2.8505843071786385	11.411004114110046	125973	6.0575190691879
2006	7	Julio	12272	-50.2008684007629	-11.335886135394846	138245	4.242227735090753
2006	8	Agosto	10332	-15.808344198174707	9.044854881266495	148577	4.562472729320022
2006	9	Septiembre	23758	129.94579945799458	12.177156617404039	172335	5.550213446191354
2006	10	Octubre	24634	3.687179055476042	42.54137252632797	196969	9.090858741103824
2006	11	Noviembre	24540	-0.3815864252658896	44.14096916299559	221509	12.111043627897566
2006	12	Diciembre	13341	-45.63569682151589	-2.6772687481762425	234850	11.151603498542272
2007	1	Enero	23917	79.2744172101042	23.851690746206835	23917	23.851690746206835
2007	2	Febrero	21589	-9.733662248609775	-6.642162162162157	45506	7.2344236026015585
2007	3	Marzo	24043	11.366899810088471	26.562088750855395	69549	13.211140592189864
2007	4	Abril	12595	-47.61469034646259	-20.970069649243893	82144	6.170350264960578
2007	5	Mayo	23303	85.01786423183803	-2.742070116861439	105447	4.0629625974538675
2007	6	Junio	24182	3.772046517615757	-1.8707137929635187	129629	2.9022092035595026
2007	7	Julio	16262	-32.75163344636507	32.51303780964798	145891	5.530760606170215
2007	8	Agosto	11389	-29.96556389128029	10.230352303523027	157280	5.857568802708357
2007	9	Septiembre	23002	101.96681007990165	-3.1820860341779666	180282	4.611367394899468
2007	10	Octubre	17894	-22.206764629162677	-27.36055857757571	198176	0.6127867837070866
2007	11	Noviembre	20761	16.022130323013293	-15.399348003259982	218937	-1.1611266359380479
2007	12	Diciembre	9553	-53.98583883242618	-28.393673637658345	228490	-2.708111560570581
2008	1	Enero	23763	148.7490840573642	-0.6438934648994477	23763	-0.6438934648994477
2008	2	Febrero	24055	1.2288010773050528	11.422483672240503	47818	5.080648705665181
2008	3	Marzo	19829	-17.568073165662025	-17.526930915443163	67647	-2.734762541517488
2008	4	Abril	26357	32.92147864239246	109.26558157999207	94004	14.438059992208796
2008	5	Mayo	24090	-8.601130629434305	3.3772475646912437	118094	11.993702997714495
2008	6	Junio	23568	-2.1668742216687464	-2.539078653543958	141662	9.282645087133279
2008	7	Julio	19908	-15.529531568228105	22.420366498585654	161570	10.74706458931669
2008	8	Agosto	5890	-70.41390395820775	-48.28343138115726	167460	6.47253306205493
2008	9	Septiembre	28319	380.7979626485569	23.11538127119381	195779	8.595977413163824
2008	10	Octubre	29357	3.665383664677435	64.0605789650162	225136	13.6040691102858
2008	11	Noviembre	24841	-15.383043226487725	19.652232551418525	249977	14.177594467814947
2008	12	Diciembre	8622	-65.29125236504166	-9.745629645137655	258599	13.177381942316945
2009	1	Enero	15090	75.01739735560196	-36.4979169296806	15090	-36.4979169296806
2009	2	Febrero	22502	49.11862160371108	-6.456038245686968	37592	-21.38525241540843
2009	3	Marzo	23394	3.9640920807039404	17.978718039235453	60986	-9.846704214525403
2009	4	Abril	20623	-11.844917500213725	-21.755131464127174	81609	-13.18560912301604
2009	5	Mayo	12533	-39.22804635601028	-47.97426317974263	94142	-20.282148119294796
2009	6	Junio	11838	-5.545360248942788	-49.770875763747455	105980	-25.18812384407957
2009	7	Julio	11185	-5.516134482176039	-43.81655615832831	117165	-27.48344370860927
2009	8	Agosto	19981	78.64103710326329	239.23599320882852	137146	-18.10223336916279
2009	9	Septiembre	25102	25.629347880486453	-11.359864401991594	162248	-17.126964587621764
2009	10	Octubre	25722	2.469922715321493	-12.38205538713084	187970	-16.50824390590576
2009	11	Noviembre	30277	17.708576315994094	21.883177005756615	218247	-12.693167771434977
2009	12	Diciembre	25976	-14.205502526670411	201.27580607747623	244223	-5.559186230418522
2010	1	Enero	26268	1.1241145672928887	74.07554671968191	26268	74.07554671968191
2010	2	Febrero	30284	15.288564032282626	34.58359256954937	56552	50.436263034688224
2010	3	Marzo	33322	10.031699907541935	42.43823202530563	89874	47.36824845046404
2010	4	Abril	30346	-8.931036552427829	47.14638995296514	120220	47.312183705228584
2010	5	Mayo	31701	4.465168391221241	152.9402377722812	151921	61.37430689809011
2010	6	Junio	34346	8.343585375855644	190.1334684912992	186267	75.75674655595395
2010	7	Julio	21732	-36.72625633261515	94.29593205185516	207999	77.52656510049928
2010	8	Agosto	10608	-51.18718939812259	-46.909564085881584	218607	59.3972846455602
2010	9	Septiembre	33017	211.24622926093514	31.531352083499332	251624	55.08604112223263
2010	10	Octubre	31623	-4.222067419814035	22.94145089806392	283247	50.68734372506252
2010	11	Noviembre	32130	1.6032634474907548	6.120157215047728	315377	44.50462091116945
2010	12	Diciembre	20691	-35.60224089635854	-20.345703726516785	336068	37.607023089553394
2011	1	Enero	25269	22.12556183848049	-3.803106441297399	25269	-3.803106441297399
2011	2	Febrero	31067	22.94511060983815	2.5855237088891814	56336	-0.3819493563446019
2011	3	Marzo	36616	17.861396336949163	9.88536102274773	92952	3.4247947125976452
2011	4	Abril	28542	-22.050469740004374	-5.944770315692349	121494	1.0597238396273578
2011	5	Mayo	35121	23.050241749001476	10.788303208100691	156615	3.0897637587956828
2011	6	Junio	39261	11.787819253438103	14.310254469224937	195876	5.158723767495044
2011	7	Julio	21051	-46.38190570795446	-3.1336278299282205	216927	4.292328328501571
2011	8	Agosto	16644	-20.934872452615082	56.90045248868778	233571	6.8451604934883115
2011	9	Septiembre	39501	137.32876712328766	19.63836811339612	273072	8.523829205481203
2011	10	Octubre	29840	-24.457608668134988	-5.6383012364418335	302912	6.942703717956422
2011	11	Noviembre	33165	11.142761394101885	3.2212885154061732	336077	6.5635731204241266
2011	12	Diciembre	17150	-48.288858736619936	-17.11372094147213	353227	5.105811919016379
2012	1	Enero	25232	47.12536443148687	-0.1464244726740227	25232	-0.1464244726740227
2012	2	Febrero	29846	18.2863031071655	-3.9302153410371132	55078	-2.233030389094004
2012	3	Marzo	28409	-4.81471553977082	-22.41369892942976	83487	-10.182674928995606
2012	4	Abril	15490	-45.47502552008167	-45.729100974003224	98977	-18.53342551895567
2012	5	Mayo	30144	94.60296965784376	-14.171008798154949	129121	-17.555151166874182
2012	6	Junio	29280	-2.86624203821656	-25.422174677160537	158401	-19.13200187873961
2012	7	Julio	17843	-39.06079234972678	-15.239181036530336	176244	-18.75423529574465
2012	8	Agosto	6225	-65.11236899624502	-62.59913482335977	182469	-21.87857225426102
2012	9	Septiembre	27955	349.07630522088357	-29.22963975595555	210424	-22.941934727837342
2012	10	Octubre	30331	8.499373993918802	1.6454423592493272	240755	-20.519820938094234
2012	11	Noviembre	27123	-10.576637763344433	-18.218000904568065	267878	-20.292671024794917
2012	12	Diciembre	19409	-28.44080669542455	13.17201166180757	287287	-18.667882126790992
2013	1	Enero	25952	33.711164923489115	2.8535193405199832	25952	2.8535193405199832
2013	2	Febrero	26704	2.8976572133168954	-10.527373852442533	52656	-4.397400050836997
2013	3	Marzo	25323	-5.171509886159376	-10.86275476081523	77979	-6.597434331093465
2013	4	Abril	21050	-16.873988074082845	35.894125242091675	99029	0.05253745819735478
2013	5	Mayo	25802	22.574821852731585	-14.404193205944793	124831	-3.322464974713646
2013	6	Junio	27586	6.914192698240451	-5.7855191256830585	152417	-3.777753928321159
2013	7	Julio	17702	-35.82976872326542	-0.7902258588802336	170119	-3.4752956129002976
2013	8	Agosto	12284	-30.606711106089712	97.33333333333334	182403	-0.03617052759646855
2013	9	Septiembre	28480	131.84630413546077	1.8780182436058057	210883	0.21813101167167392
2013	10	Octubre	31897	11.997893258426974	5.163034519138843	242780	0.8411040269153292
2013	11	Noviembre	28023	-12.145342822208981	3.3182170113925435	270803	1.0919149762205205
2013	12	Diciembre	18787	-32.95864111622596	-3.204698851048482	289590	0.8016373870032512
2014	1	Enero	27605	46.9367115558631	6.369451294697903	27605	6.369451294697903
2014	2	Febrero	30657	11.055968121717076	14.803025763930489	58262	10.646460042540262
2014	3	Marzo	30944	0.9361646605995366	22.197212020692646	89206	14.397465984431701
2014	4	Abril	28404	-8.20837642192348	34.93586698337292	117610	18.763190580537014
2014	5	Mayo	28619	0.7569356428672069	10.917758313309056	146229	17.141575409954267
2014	6	Junio	28624	0.01747091093329267	3.76277822083666	174853	14.720142766226862
2014	7	Julio	23403	-18.239938513135833	32.205400519715276	198256	16.539598751462204
2014	8	Agosto	7305	-68.78605307011921	-40.53239986974927	205561	12.696063112997047
2014	9	Septiembre	30271	314.3874058863792	6.288623595505616	235832	11.830730784368582
2014	10	Octubre	29374	-2.9632321363681435	-7.9098347807003755	265206	9.23716945382651
2014	11	Noviembre	26584	-9.498195683257304	-5.135067623023948	291790	7.749914144230297
2014	12	Diciembre	13910	-47.67529340956966	-25.959440038324377	305700	5.563037397700188
2015	1	Enero	23429	68.43278217109994	-15.127694258286539	23429	-15.127694258286539
2015	2	Febrero	26705	13.982671048700324	-12.89101999543334	50134	-13.950774089457962
2015	3	Marzo	26355	-1.3106159895150737	-14.830015511892448	76489	-14.255767549267983
2015	4	Abril	20563	-21.976854486814645	-27.605266863822	97052	-17.47980613893376
2015	5	Mayo	28318	37.71336867188639	-1.0517488381844187	125370	-14.264612354594508
2015	6	Junio	30672	8.31273395013772	7.154835103409729	156042	-10.75817972811447
2015	7	Julio	22299	-27.298513302034433	-4.71734393026535	178341	-10.04509321281576
2015	8	Agosto	8537	-61.71577200771334	16.86516084873375	186878	-9.088786297011598
2015	9	Septiembre	31499	268.9703642965913	4.056687919130519	218377	-7.401455273245361
2015	10	Octubre	32431	2.9588240896536444	10.407162797031377	250808	-5.428987277814223
2015	11	Noviembre	29965	-7.603835836082762	12.718176346674692	280773	-3.7756605778128116
2015	12	Diciembre	17585	-41.31486734523611	26.41984184040258	298358	-2.401701014066082
2016	1	Enero	16536	-5.965311344896218	-29.420803277988817	16536	-29.420803277988817
2016	2	Febrero	29355	77.52177068214804	9.923235349185555	45891	-8.463318306937406
2016	3	Marzo	28117	-4.217339465167768	6.685638398785798	74008	-3.243603655427574
2016	4	Abril	32827	16.751431518298542	59.6411029519039	106835	10.080163211474268
2016	5	Mayo	33006	0.5452828464373782	16.554841443604772	139841	11.542633803940339
2016	6	Junio	33210	0.6180694419196442	8.27464788732395	173051	10.900270440009741
2016	7	Julio	483	-98.54561878952123	-97.83398358670793	173534	-2.6953981417621287
2016	8	Agosto	26233	5331.262939958592	207.28593182616842	199767	6.897013024540066
2016	9	Septiembre	25689	-2.0737239355010817	-18.44503000095241	225456	3.2416417479862902
2016	10	Octubre	28920	12.577367744949196	-10.826061484382233	254376	1.4226021498516817
2016	11	Noviembre	30437	5.245504840940529	1.5751710328716806	284813	1.438884793053452
2016	12	Diciembre	11986	-60.62029766402733	-31.839636053454644	296799	-0.5225266290831865
2017	1	Enero	24075	100.85933589187385	45.59143686502176	24075	45.59143686502176
2017	2	Febrero	28965	20.311526479750786	-1.328564128768528	53040	15.578217951232265
2017	3	Marzo	33289	14.928361815984804	18.394565565316356	86329	16.64820019457356
2017	4	Abril	25620	-23.037640061281508	-21.95448868309623	111949	4.786820798427471
2017	5	Mayo	31770	24.004683840749408	-3.74477367751318	143719	2.77314950550982
2017	6	Junio	25534	-19.62858042178155	-23.11352002408913	169253	-2.194728721590744
2017	7	Julio	529	-97.9282525260437	9.523809523809534	169782	-2.1621123238097395
2017	8	Agosto	2373	348.5822306238186	-90.95414172988221	172155	-13.822102749703403
2017	9	Septiembre	11862	399.87357774968393	-53.8245941842812	184017	-18.38008303172237
2017	10	Octubre	13578	14.466363176530095	-53.04979253112033	197595	-22.3216812906878
2017	11	Noviembre	26183	92.83399617027544	-13.976410290107433	223778	-21.42985046328644
2017	12	Diciembre	20349	-22.281633120727186	69.77306858001002	244127	-17.746690521194473
2018	1	Enero	17617	-13.425721165659244	-26.824506749740394	17617	-26.824506749740394
2018	2	Febrero	27819	57.90997332122383	-3.956499223200416	45436	-14.336349924585223
2018	3	Marzo	28209	1.401919551385733	-15.26029619393794	73645	-14.692629359774811
2018	4	Abril	26391	-6.44475167499734	3.00936768149882	100036	-10.641452804402007
2018	5	Mayo	30489	15.528020916221429	-4.032105760151083	130525	-9.180414558965754
2018	6	Junio	30905	1.3644265144806322	21.034698832928633	161430	-4.622074645648821
2018	7	Julio	7597	-75.41821711697136	1336.1058601134216	169027	-0.4446878938874521
2018	8	Agosto	18811	147.6108990390944	692.709650231774	187838	9.109813830559666
2018	9	Septiembre	16339	-13.14124714262931	37.74237059517789	204177	10.955509545313745
2018	10	Octubre	23771	45.486259869025034	75.0699661216674	227948	15.361218654318165
2018	11	Noviembre	30348	27.668167094358665	15.907268074704973	258296	15.425108813198785
2018	12	Diciembre	13972	-53.96072228812443	-31.33814929480564	272268	11.527196909805149
2019	1	Enero	26503	89.6865158889207	50.43991599023669	26503	50.43991599023669
2019	2	Febrero	26819	1.1923178508093324	-3.5946655163736962	53322	17.35628136279601
2019	3	Marzo	28317	5.585592303963605	0.38285653514835705	81639	10.854776291669488
2019	4	Abril	25957	-8.334216195218424	-1.6445000189458492	107596	7.557279379423409
2019	5	Mayo	31509	21.38922063412567	3.3454688576207703	139105	6.573453361425008
2019	6	Junio	30921	-1.8661334856707623	0.05177155800031308	170026	5.3249086291271785
2019	7	Julio	12160	-60.67397561527764	60.06318283532974	182186	7.785146751702388
2019	8	Agosto	20819	71.20888157894736	10.674605284142258	203005	8.074511014810625
2019	9	Septiembre	31830	52.8891877611797	94.80996389007896	234835	15.015403302036967
2019	10	Octubre	34918	9.701539428212369	46.89327331622566	269753	18.339709056451483
2019	11	Noviembre	29459	-15.633770548141356	-2.929352840384869	299212	15.840740855452662
2019	12	Diciembre	21131	-28.269798703282532	51.23819066704838	320343	17.6572347833752
2020	1	Enero	26697	26.34044768349817	0.7319926046108094	26697	0.7319926046108094
2020	2	Febrero	28986	8.573997078323403	8.080092471755096	55683	4.427815910881061
2020	3	Marzo	14475	-50.062098944317945	-48.88229685348024	70158	-14.063131591518763
2020	4	Abril	871	-93.98272884283247	-96.64445043726163	71029	-33.98546414364846
2020	5	Mayo	10420	1096.3260619977038	-66.93008346821543	81449	-41.44782718090651
2020	6	Junio	22109	112.1785028790787	-28.49843148669189	103558	-39.092844623763426
2020	7	Julio	3299	-85.07847482925506	-72.87006578947368	106857	-41.34730440319234
2020	8	Agosto	18170	450.7729615034859	-12.723954080407317	125027	-38.411861776803526
2020	9	Septiembre	29423	61.93175564116675	-7.562048382029529	154450	-34.23041710136905
2020	10	Octubre	37881	28.746218944363243	8.485594822154763	192331	-28.701070979748145
2020	11	Noviembre	29550	-21.992555634750932	0.3089039003360661	221881	-25.84488590029812
2020	12	Diciembre	20966	-29.049069373942473	-0.7808433107756363	242847	-24.19156966126933
2021	1	Enero	24262	15.720690641991798	-9.120875004682173	24262	-9.120875004682173
2021	2	Febrero	19321	-20.36518011705548	-33.34368315738633	43583	-21.73015103352909
2021	3	Marzo	18269	-5.444852750892815	26.210708117443858	61852	-11.838991989509395
2021	4	Abril	20036	9.672122174174834	2200.3444316877153	81888	15.28812175308676
2021	5	Mayo	26219	30.859452984627666	151.62188099808063	108107	32.7296836056919
2021	6	Junio	21472	-18.105190892101152	-2.8811796101135267	129579	25.126981981112028
2021	7	Julio	12911	-39.870529061102836	291.3610184904516	142490	33.346434955126945
2021	8	Agosto	8199	-36.49601115328015	-54.87616951018162	150689	20.525166564022168
2021	9	Septiembre	19960	143.44432247835104	-32.161914148795155	170649	10.488183878277768
2021	10	Octubre	19162	-3.9979959919839714	-49.41527414798976	189811	-1.310241198766704
2021	11	Noviembre	18941	-1.1533242876526462	-35.90186125211506	208752	-5.917135761962489
2021	12	Diciembre	12370	-34.69193812364711	-40.99971382237909	221122	-8.945961860760065
2022	1	Enero	18010	45.5941794664511	-25.768691781386533	18010	-25.768691781386533
2022	2	Febrero	28798	59.90005552470849	49.05025619791936	46808	7.399674184888605
2022	3	Marzo	31664	9.952080005555942	73.32092615906727	78472	26.870594321929776
2022	4	Abril	25982	-17.944669024759985	29.676582152126162	104454	27.557151230949593
2022	5	Mayo	22525	-13.305365252867373	-14.089019413402493	126979	17.45677893198405
2022	6	Junio	26431	17.340732519422875	23.095193740685538	153410	18.391097322868678
2022	7	Julio	1069	-95.95550679126784	-91.72023855626985	154479	8.413923784125199
2022	8	Agosto	21899	1948.5500467726847	167.09354799365775	176378	17.04769425770958
2022	9	Septiembre	22092	0.8813187816795187	10.681362725450905	198470	16.3030548084079
2022	10	Octubre	30893	39.8379503892812	61.22012316042167	229363	20.83757000384594
2022	11	Noviembre	33737	9.205968989738778	78.11625574151313	263100	26.034720625431127
2022	12	Diciembre	24986	-25.93888016124729	101.98868229587714	288086	30.28373477085049
2023	1	Enero	12883	-48.43912591050989	-28.46751804553026	12883	-28.46751804553026
2023	2	Febrero	32173	149.73220523170068	11.71956385860129	45056	-3.7429499230900665
2023	3	Marzo	28174	-12.42967705840301	-11.021980798383025	73230	-6.6800897135283925
2023	4	Abril	20453	-27.404699368211826	-21.280117004079745	93683	-10.311716162138362
