1999	1	86594	\N	\N	86594	\N
1999	2	83794	-3.23348037970298	\N	170388	\N
1999	3	66648	-20.46208559085376	\N	237036	\N
1999	4	54812	-17.75897251230345	\N	291848	\N
2000	1	69349	26.52156462088593	-19.914774695706406	69349	-19.914774695706406
2000	2	77608	11.90932818065149	-7.382390147265916	146957	-13.751555273845572
2000	3	74543	-3.9493351200907134	11.845816828712042	221500	-6.554278674969205
2000	4	76333	2.4012985793434583	39.26330000729767	297833	2.0507250349496964
2001	1	81985	7.4043991458478065	18.220882781294613	81985	18.220882781294613
2001	2	75411	-8.018539976825034	-2.830893722296668	157396	7.103438420762531
2001	3	53333	-29.276895943562607	-28.453375903840737	210729	-4.862753950338606
2001	4	29109	-45.42028387677423	-61.86577233961721	239838	-19.472321737349453
2002	1	57089	96.12147445807138	-30.36653046288955	57089	-30.36653046288955
2002	2	74345	30.22648846537861	-1.4135868772460203	131434	-16.494701263056243
2002	3	68804	-7.45309032214675	29.008306301914377	200238	-4.97843201457796
2002	4	58825	-14.503517237369923	102.08526572537701	259063	8.015827350128003
2003	1	65906	12.037399065023369	15.444306258648766	65906	15.444306258648766
2003	2	65502	-0.6129942645586084	-11.89454569910552	131408	-0.01978179162165361
2003	3	50018	-23.638972855790662	-27.30364513691065	181426	-9.394820164004836
2003	4	62511	24.977008277020275	6.266043348916273	243937	-5.838734207509367
2004	1	63787	2.0412407416294798	-3.2151852638606537	63787	-3.2151852638606537
2004	2	64607	1.2855283992035949	-1.3663704925040432	128394	-2.2936198709363254
2004	3	49201	-23.84571331279892	-1.6334119716901907	177595	-2.1116047314056474
2004	4	55111	12.011950976606167	-11.837916526691306	232706	-4.6040576050373705
2005	1	50658	-8.080056613017362	-20.58256384529763	50658	-20.58256384529763
2005	2	68120	34.470369931698855	5.437491293513097	118778	-7.4894465473464455
2005	3	44495	-34.68144450968879	-9.564846242962544	163273	-8.064416227934345
2005	4	48015	7.91100123609394	-12.875832410952437	211288	-9.203888167902852
2006	1	61433	27.945433718629587	21.270085672549243	61433	21.270085672549243
2006	2	64540	5.057542363224976	-5.255431591309456	125973	6.0575190691879
2006	3	46362	-28.165478772854048	4.195977076075974	172335	5.550213446191354
2006	4	62515	34.84103360510764	30.19889617827762	234850	11.151603498542272
2007	1	69549	11.251699592097886	13.211140592189864	69549	13.211140592189864
2007	2	60080	-13.614861464578931	-6.910443136039667	129629	2.9022092035595026
2007	3	50653	-15.690745672436746	9.25542470126397	180282	4.611367394899468
2007	4	48208	-4.826959903658223	-22.88570743021675	228490	-2.708111560570581
2008	1	67647	40.32318287421175	-2.734762541517488	67647	-2.734762541517488
2008	2	74015	9.41357340310731	23.19407456724367	141662	9.282645087133279
2008	3	54117	-26.883739782476525	6.83868675103152	195779	8.595977413163824
2008	4	62820	16.081822717445537	30.310321938267503	258599	13.177381942316945
2009	1	60986	-2.9194524036930902	-9.846704214525403	60986	-9.846704214525403
2009	2	44994	-26.222411701046145	-39.209619671688166	105980	-25.18812384407957
2009	3	56268	25.05667422322977	3.9747214368867523	162248	-17.126964587621764
2009	4	81975	45.68671358498613	30.49188156638014	244223	-5.559186230418522
2010	1	89874	9.635864592863674	47.36824845046404	89874	47.36824845046404
2010	2	96393	7.253488216836912	114.2352313641819	186267	75.75674655595395
2010	3	65357	-32.19735872936832	16.15305324518377	251624	55.08604112223263
2010	4	84444	29.20421683981822	3.0118938700823383	336068	37.607023089553394
2011	1	92952	10.075316185874673	3.4247947125976452	92952	3.4247947125976452
2011	2	102924	10.728117738187448	6.775388254333814	195876	5.158723767495044
2011	3	77196	-24.99708522793518	18.11435653411264	273072	8.523829205481203
2011	4	80155	3.8331001606300763	-5.079105679503582	353227	5.105811919016379
2012	1	83487	4.15694591728526	-10.182674928995606	83487	-10.182674928995606
2012	2	74914	-10.268664582509857	-27.214255178578373	158401	-19.13200187873961
2012	3	52023	-30.55637130576394	-32.60920254935489	210424	-22.941934727837342
2012	4	76863	47.748111412259966	-4.107042604952904	287287	-18.667882126790992
2013	1	77979	1.4519339604230908	-6.597434331093465	77979	-6.597434331093465
2013	2	74438	-4.540966157555237	-0.6353952532236917	152417	-3.777753928321159
2013	3	58466	-21.456782825975985	12.384906675893358	210883	0.21813101167167392
2013	4	78707	34.62012109602162	2.3990736765413745	289590	0.8016373870032512
2014	1	89206	13.339347199105545	14.397465984431701	89206	14.397465984431701
2014	2	85647	-3.9896419523350435	15.058169214648442	174853	14.720142766226862
2014	3	60979	-28.801942858477236	4.298224609174572	235832	11.830730784368582
2014	4	69868	14.577149510487208	-11.230259062091042	305700	5.563037397700188
2015	1	76489	9.476441289288374	-14.255767549267983	76489	-14.255767549267983
2015	2	79553	4.005804756239462	-7.115252139596251	156042	-10.75817972811447
2015	3	62335	-21.643432680100062	2.2237163613703093	218377	-7.401455273245361
2015	4	79981	28.308334001764667	14.474437510734518	298358	-2.401701014066082
2016	1	74008	-7.468023655618206	-3.243603655427574	74008	-3.243603655427574
2016	2	99043	33.82742406226353	24.499390343544558	173051	10.900270440009741
2016	3	52405	-47.08863826822694	-15.930055346113736	225456	3.2416417479862902
2016	4	71343	36.13777311325255	-10.800065015441163	296799	-0.5225266290831865
2017	1	86329	21.005564666470434	16.64820019457356	86329	16.64820019457356
2017	2	82924	-3.9442134161174147	-16.274749351291863	169253	-2.194728721590744
2017	3	14764	-82.19574550190536	-71.82711573323157	184017	-18.38008303172237
2017	4	60110	307.1389867244649	-15.745062584976798	244127	-17.746690521194473
2018	1	73645	22.517052071202805	-14.692629359774811	73645	-14.692629359774811
2018	2	87785	19.200217258469678	5.861994115093339	161430	-4.622074645648821
2018	3	42747	-51.30489263541607	189.53535627201302	204177	10.955509545313745
2018	4	68091	59.28837111376237	13.277324904342036	272268	11.527196909805149
2019	1	81639	19.89690267436226	10.854776291669488	81639	10.854776291669488
2019	2	88387	8.26565734514142	0.685766360995621	170026	5.3249086291271785
2019	3	64809	-26.675868623213816	51.61063934311181	234835	15.015403302036967
2019	4	85508	31.938465336604494	25.57900456741713	320343	17.6572347833752
2020	1	70158	-17.951536698320623	-14.063131591518763	70158	-14.063131591518763
2020	2	33400	-52.393169702671116	-62.21163745799721	103558	-39.092844623763426
2020	3	50892	52.37125748502993	-21.473869369994915	154450	-34.23041710136905
2020	4	88397	73.69527627131967	3.378631239182295	242847	-24.19156966126933
2021	1	61852	-30.029299636865503	-11.838991989509395	61852	-11.838991989509395
2021	2	67727	9.49848024316109	102.7754491017964	129579	25.126981981112028
2021	3	41070	-39.359487353640354	-19.29969346852157	170649	10.488183878277768
2021	4	50473	22.895057219381542	-42.90190843580665	221122	-8.945961860760065
2022	1	78472	55.47322330751094	26.870594321929776	78472	26.870594321929776
2022	2	74938	-4.503517178101745	10.647156968417315	153410	18.391097322868678
2022	3	45060	-39.87029277536096	9.715120525931331	198470	16.3030548084079
2022	4	89616	98.8814913448735	77.55235472430803	288086	30.28373477085049
2023	1	73230	-18.284681306909476	-6.6800897135283925	73230	-6.6800897135283925
2023	2	20453	-72.0701898129182	-72.706770930636	93683	-38.93292484192686
